6e4bd881-0860-4a49-aa89-0d3d3d051c25 786 0 6 21
04512ef3-622c-47af-ae23-2dd996cc0874 558 0 14 20
5646d0f7-43ad-4433-804d-66ac69602a19 63 0 8 13
5646d0f7-43ad-4433-804d-66ac69602a19 210 0 19 28
f70a0924-6d27-4d3e-ba01-a62260d7d271 669 0 5 12
f70a0924-6d27-4d3e-ba01-a62260d7d271 173 0 17 36
3d61c6cd-873a-4e5d-9b04-5e1a4cbf8199 571 0 3 9
b957069a-b63c-4abf-a894-a7377c923997 755 0 3 20
0b72bbab-2800-40b9-b27a-3c94cacb9e3f 239 0 6 14
11da4659-be42-4441-a624-4b4c94db09cc 151 0 5 16
11da4659-be42-4441-a624-4b4c94db09cc 1021 0 6 9
7580b3fa-a326-431e-98f0-163d6fbf2ac5 499 0 14 28
0b72bbab-2800-40b9-b27a-3c94cacb9e3f 716 0 7 17
6161a190-ff2f-4ffc-962e-c6e059906921 218 0 3 10
c86bf67f-29f0-456e-ad29-6bb0cf89bdcd 226 0 23 38
c86bf67f-29f0-456e-ad29-6bb0cf89bdcd 452 0 3 20
6e830bfb-f651-41de-9d45-4125c90746a2 439 0 3 14
a8e11c8e-df93-4021-ab1b-0b8c60304725 2176 0 3 23
a8e11c8e-df93-4021-ab1b-0b8c60304725 324 0 3 20
a8e11c8e-df93-4021-ab1b-0b8c60304725 322 0 16 36
78f4c984-0836-49aa-a301-c0909f037eff 1269 0 12 28
5646d0f7-43ad-4433-804d-66ac69602a19 491 0 23 30
ea45f457-04ea-4836-ac83-19094c520cf5 301 0 11 26
fe632bd1-53f9-47cf-8d7b-f277f9107bf2 609 0 3 24
1c88f357-e3de-4f9a-ad3c-70254b75ad7c 1243 0 13 27
b744687a-0de8-4d47-8ea9-422b27a7e7fa 1869 0 11 30
b744687a-0de8-4d47-8ea9-422b27a7e7fa 2383 0 7 15
c86bf67f-29f0-456e-ad29-6bb0cf89bdcd 506 0 4 17
325f11e6-bec3-4388-b507-6b8d0a28c4dd 243 0 3 20
839f41ef-0818-4da6-89ab-d4c3676ca439 3423 0 3 18
66148329-341e-4ee8-81f7-0651a68e78c1 476 0 3 10
66148329-341e-4ee8-81f7-0651a68e78c1 2053 0 7 26
c6a622a7-1ed9-4952-9c09-4e7016b62838 649 0 4 22
c6a622a7-1ed9-4952-9c09-4e7016b62838 688 0 14 26
c6a622a7-1ed9-4952-9c09-4e7016b62838 288 0 6 24
4350c49a-7c50-4970-a32d-747386e1cf03 348 0 5 26
fe632bd1-53f9-47cf-8d7b-f277f9107bf2 423 0 10 31
0f0b3192-fb95-4deb-8228-7bee5e515a9a 648 0 5 25
7580b3fa-a326-431e-98f0-163d6fbf2ac5 1305 0 4 23
7580b3fa-a326-431e-98f0-163d6fbf2ac5 555 0 12 29
e9bd7c84-139a-4023-85d7-2aec12682788 685 0 3 18
e9bd7c84-139a-4023-85d7-2aec12682788 524 0 4 15
29a01589-dd03-4590-9c5e-f7081a9f8bd8 632 0 3 9
ea45f457-04ea-4836-ac83-19094c520cf5 340 0 20 23
ff1144c3-c029-4371-9827-04cbf439d507 754 0 13 26
3810fde0-bc15-40d8-aa2b-702916a96621 919 0 4 22
3810fde0-bc15-40d8-aa2b-702916a96621 783 0 3 15
c6a622a7-1ed9-4952-9c09-4e7016b62838 680 0 4 25
56763333-a862-4051-987f-f34d76640a2c 940 0 9 26
0165ab60-2f11-4bf8-be77-e8ed9110cf6c 154 0 3 16
0165ab60-2f11-4bf8-be77-e8ed9110cf6c 1291 0 4 18
0165ab60-2f11-4bf8-be77-e8ed9110cf6c 296 0 3 15
26bbc719-6c20-4894-a7e5-41421aeb3b51 1726 0 16 34
ab69eb80-3e17-4bb7-b1ec-1e158e945ad2 334 0 3 11
11fb565e-a1ce-4d66-8353-cb66a86349dd 744 0 7 25
9d731b98-c46d-4896-89fa-4ebaa1d5b207 537 0 22 33
56763333-a862-4051-987f-f34d76640a2c 265 0 3 21
56763333-a862-4051-987f-f34d76640a2c 148 0 10 15
020da46c-c205-43c0-b147-71c6c8ffc02c 717 0 18 28
020da46c-c205-43c0-b147-71c6c8ffc02c 683 0 13 18
020da46c-c205-43c0-b147-71c6c8ffc02c 584 0 4 22
c1f23ebd-c86f-4c36-97b7-371e6c55b914 84 0 7 11
c1f23ebd-c86f-4c36-97b7-371e6c55b914 102 0 5 12
11fb565e-a1ce-4d66-8353-cb66a86349dd 971 0 16 31
11fb565e-a1ce-4d66-8353-cb66a86349dd 241 0 11 28
11fb565e-a1ce-4d66-8353-cb66a86349dd 89 0 4 24
11fb565e-a1ce-4d66-8353-cb66a86349dd 319 0 7 15
9765b9e1-4c42-42be-b4a4-7c76caa6bd57 137 0 6 19
58ad624f-980b-4508-9d6e-1fd8aa6b3b47 538 0 4 13
58ad624f-980b-4508-9d6e-1fd8aa6b3b47 405 0 3 15
e0e04d8f-a453-43a4-881b-f426cb87f2c9 634 0 7 26
e0e04d8f-a453-43a4-881b-f426cb87f2c9 1257 0 13 23
f231bfd2-b73d-457c-a8a9-7d2342040b32 250 0 29 34
a25ea661-de5b-466a-a20b-fdbbd08062f7 452 0 3 24
7532e3a4-379a-4000-be2f-0cf4d8eb2c71 2710 0 14 27
7532e3a4-379a-4000-be2f-0cf4d8eb2c71 601 0 6 25
342e80c8-bf6c-4d56-980c-55a80a564b9e 149 0 3 20
dd88f465-509a-4cde-8a06-f67a26ce4efb 1151 0 3 11
37572640-6ac6-4927-af72-4602d9d9c3b0 714 0 5 8
37572640-6ac6-4927-af72-4602d9d9c3b0 422 0 3 22
dd155a61-1833-4d3a-afb2-9ed5fc0a2bec 762 0 4 18
dd155a61-1833-4d3a-afb2-9ed5fc0a2bec 158 0 15 27
dd88f465-509a-4cde-8a06-f67a26ce4efb 1456 0 14 24
6624a76b-9890-43dc-aa50-49e5d68e7b4f 1508 0 5 23
6624a76b-9890-43dc-aa50-49e5d68e7b4f 571 0 4 17
e951f8da-0e5d-4474-803c-a5e6a54d82cb 228 0 16 29
d17be238-7666-4651-b63b-538c9f3dfb74 4285 0 10 14
8ff16199-cc06-4323-a7d0-36adfe688417 795 0 3 22
e0e04d8f-a453-43a4-881b-f426cb87f2c9 393 0 3 22
e0e04d8f-a453-43a4-881b-f426cb87f2c9 173 0 30 38
199fa375-0fbd-4c3d-bbd7-5fe415f43229 9459 0 18 34
14425341-827c-4b2c-87c2-08b1a5259e39 981 0 25 36
4151ba49-c8ba-4b25-84af-f179b8c2827e 462 0 15 25
4151ba49-c8ba-4b25-84af-f179b8c2827e 736 0 12 29
e951f8da-0e5d-4474-803c-a5e6a54d82cb 946 0 3 18
1c32f877-4f46-4a0c-bd22-516f48e63e1a 768 0 3 19
1c32f877-4f46-4a0c-bd22-516f48e63e1a 279 0 10 21
1bc47533-b0c2-4a7d-aba5-9f0261fe5f62 722 0 4 21
1bc47533-b0c2-4a7d-aba5-9f0261fe5f62 509 0 12 28
22df57d2-3ad5-4871-bdad-28928eff00f9 348 0 16 19
aeeb0d41-a2ae-495d-8a4d-29586c160064 62 0 13 24
dc904a06-e8a7-4143-a84c-b0f928ea9e23 171 0 6 22
f03dc728-5b4e-4799-a584-36d677bfd878 843 0 5 18
5e31a3df-8576-40b4-a175-6edab7e16ace 185 0 6 24
3a70df89-ce99-4fc6-98ee-3a68654f5ba2 1206 0 3 24
e951f8da-0e5d-4474-803c-a5e6a54d82cb 432 0 14 33
6e103115-14ef-4569-97e4-01c42488976a 668 0 11 32
6e103115-14ef-4569-97e4-01c42488976a 718 0 7 25
e87d610a-4e23-4b01-bd57-97ff0acc8c63 2806 0 3 9
e87d610a-4e23-4b01-bd57-97ff0acc8c63 531 0 8 21
3868929a-4cd7-4e5a-8337-38e2b109b444 555 0 15 32
2526a6bb-b0e6-49bb-8a07-36d35ed80031 271 0 7 14
2526a6bb-b0e6-49bb-8a07-36d35ed80031 1909 0 18 30
819feee5-805f-4b05-99bf-549e1f16eaaa 308 0 4 12
819feee5-805f-4b05-99bf-549e1f16eaaa 648 0 34 37
f03dc728-5b4e-4799-a584-36d677bfd878 3232 0 4 23
3d6da370-9ffc-497c-bae3-249ff189fca8 310 0 3 17
3d6da370-9ffc-497c-bae3-249ff189fca8 1707 0 3 17
3d6da370-9ffc-497c-bae3-249ff189fca8 1445 0 4 10
3d6da370-9ffc-497c-bae3-249ff189fca8 3337 0 4 10
3a1eadfe-833d-49cd-97cd-a3ead92f405f 365 0 3 19
3a1eadfe-833d-49cd-97cd-a3ead92f405f 623 0 13 34
3a1eadfe-833d-49cd-97cd-a3ead92f405f 228 0 20 29
6e103115-14ef-4569-97e4-01c42488976a 457 0 3 12
776a8f29-ae92-4fe0-8fc4-349f02fe81c5 1238 0 7 12
62d33d35-e526-4e61-85de-46fb5b256354 1103 0 7 20
6e103115-14ef-4569-97e4-01c42488976a 202 0 13 27
4ee5053d-c0ca-498e-8d7e-313e006ea5bd 1637 0 3 11
c6e5d492-cc0a-4146-83a4-159186202e7d 1641 0 3 14
c6e5d492-cc0a-4146-83a4-159186202e7d 489 0 7 27
a74e9c0d-c096-4fca-86ad-6271c5f8362e 347 0 4 24
5c8048db-3c02-482d-83bd-8483fc34741e 125 0 3 21
5c8048db-3c02-482d-83bd-8483fc34741e 744 0 3 13
5c8048db-3c02-482d-83bd-8483fc34741e 1828 0 7 20
ae75ebbf-1eb8-45e9-87e5-c1c09ac26732 207 0 3 16
62d33d35-e526-4e61-85de-46fb5b256354 1464 0 3 12
0429d91f-d2f4-4c9c-bab8-072cc78d3f8d 5497 0 8 22
e5cf5eef-4a53-4720-ab07-ff792ae86ce3 585 0 4 16
ce8afdd5-32bf-4ac0-ae23-e9735a5b37e6 340 0 27 34
ce8afdd5-32bf-4ac0-ae23-e9735a5b37e6 4094 0 5 11
86c65c5b-2b26-4a6e-bb8e-0d1d58e7e556 1376 0 3 11
4ee5053d-c0ca-498e-8d7e-313e006ea5bd 1251 0 25 39
baffeeb3-bba0-4096-8ec1-505920b33ca6 640 0 3 8
baffeeb3-bba0-4096-8ec1-505920b33ca6 602 0 8 27
84f79d07-e99e-49ec-9cb6-c31b94570f1d 739 0 15 18
84f79d07-e99e-49ec-9cb6-c31b94570f1d 141 0 3 11
84f79d07-e99e-49ec-9cb6-c31b94570f1d 309 0 7 22
5c8048db-3c02-482d-83bd-8483fc34741e 783 0 6 11
c2afe10b-63b2-4a26-aeb3-cf1b47ef46c5 515 0 3 8
430d1f6b-ea47-4e7d-8bc0-470d98e4a62b 110 0 33 38
cb6d4f41-3fe5-4d32-b371-c2f0e67529fc 169 0 9 26
cb6d4f41-3fe5-4d32-b371-c2f0e67529fc 178 0 18 24
8a742c53-b1ce-48b0-b09f-2c1f8b80dad2 225 0 4 21
8a742c53-b1ce-48b0-b09f-2c1f8b80dad2 297 0 10 29
baffeeb3-bba0-4096-8ec1-505920b33ca6 426 0 14 34
6fea5963-4fef-42de-971e-4b1339b8c421 584 0 3 6
8c3afa3c-fc5e-4faf-a704-535a035eeac3 400 0 14 20
6cb06d28-3db0-4920-bce1-e70e83f3e3aa 1648 0 19 28
09d62b4e-fffa-4be2-a2db-e933f1b32a6c 238 0 5 19
09d62b4e-fffa-4be2-a2db-e933f1b32a6c 305 0 4 17
09d62b4e-fffa-4be2-a2db-e933f1b32a6c 386 0 17 28
8a742c53-b1ce-48b0-b09f-2c1f8b80dad2 773 0 31 36
a55945a8-bef5-424a-9b57-896889360887 1848 0 4 25
36c64f44-29d5-4c67-bbe1-c2a2d5597195 1260 0 9 12
36c64f44-29d5-4c67-bbe1-c2a2d5597195 819 0 3 22
013de60f-1a61-4d89-a5a1-fe6e1333e30c 333 0 9 13
f83ad0e1-be07-4213-aedf-80c80cb55a99 4209 0 6 19
f83ad0e1-be07-4213-aedf-80c80cb55a99 319 0 3 14
8c3afa3c-fc5e-4faf-a704-535a035eeac3 255 0 12 26
8c3afa3c-fc5e-4faf-a704-535a035eeac3 1266 0 3 21
8c3afa3c-fc5e-4faf-a704-535a035eeac3 141 0 20 25
cb6d4f41-3fe5-4d32-b371-c2f0e67529fc 336 0 12 29
81376f91-5a02-4999-86eb-2a35da1367e3 451 0 12 33
8a50c288-5063-433f-8da6-64f7a0b4f361 317 0 10 21
f83ad0e1-be07-4213-aedf-80c80cb55a99 694 0 3 21
aacb6702-735a-43f2-b5f7-6aaba7a684f3 63 0 22 38
17a09b4d-5701-4406-952f-93261e3d11be 459 0 12 30
c6e5d492-cc0a-4146-83a4-159186202e7d 1266 0 11 18
c6e5d492-cc0a-4146-83a4-159186202e7d 756 0 4 10
aab5f897-19bd-4365-ac06-ef4ddb699c81 1471 0 7 11
8d36215b-6f8c-48a1-b16a-0baf576ce850 1445 0 25 39
8d36215b-6f8c-48a1-b16a-0baf576ce850 2499 0 5 9
01b05293-060b-4c63-bcf6-43f0f55c7228 531 0 3 15
ea4ecb25-70dd-4c79-9a6b-2dd72f230d39 385 0 7 23
ea4ecb25-70dd-4c79-9a6b-2dd72f230d39 738 0 5 22
a2804371-c0bc-4f3e-b2c2-e0e9a8fe4b35 174 0 10 28
db1d3d2f-cb86-42d4-9d8e-94143fbf09d9 6761 0 8 15
705e6d6a-b191-410d-937b-cfd11a3bfcb6 1106 0 6 21
705e6d6a-b191-410d-937b-cfd11a3bfcb6 443 0 5 22
2cecc8fb-94a8-4740-a40b-1141470799b8 2012 0 13 34
0748a8fa-1821-4a9d-8f4f-10181d462131 3785 0 3 21
f245b1a4-11d8-43b8-87ba-4fc0d44dd963 1188 0 3 23
2631b5b8-b2e8-4a40-aae5-48a63e7acf4a 183 0 3 21
2631b5b8-b2e8-4a40-aae5-48a63e7acf4a 609 0 3 22
4eb23985-cc5b-488b-9b0e-758d580207a8 1019 0 10 27
1d40181c-aa3c-4ca6-b187-5da79f533544 266 0 10 22
6a6e00c2-211e-455b-adf0-92d6e1ef76ef 438 0 7 17
6a6e00c2-211e-455b-adf0-92d6e1ef76ef 1292 0 7 25
fab61b3c-24c3-4ded-8407-601c4904f41d 2031 0 4 9
d9a513df-cb75-4f26-a092-5e61283648a2 491 0 3 23
fc76dacf-a109-49c2-9ad0-970ac4b76f02 358 0 18 32
77809886-709a-42b2-8043-54a94c9be671 5070 0 3 19
abab6dbd-e96b-4d66-82d1-61e9ee2e106d 468 0 3 16
1f7f084a-a84c-47d5-98e6-b62ef10bf794 351 0 18 33
dcbd8084-0f01-4fdf-9c98-b3c3312e761e 1290 0 3 20
6a6e00c2-211e-455b-adf0-92d6e1ef76ef 635 0 8 28
be57f25a-6e2d-476a-a0c2-c2db44f384b0 1225 0 11 14
be57f25a-6e2d-476a-a0c2-c2db44f384b0 656 0 14 25
5f9c4117-0aaf-43aa-abca-9786af1777c6 8334 0 12 32
ba40ec88-e7f4-4b79-980f-20d4c7199ded 547 0 3 7
2631b5b8-b2e8-4a40-aae5-48a63e7acf4a 2576 0 5 23
2631b5b8-b2e8-4a40-aae5-48a63e7acf4a 299 0 3 22
dcbd8084-0f01-4fdf-9c98-b3c3312e761e 138 0 6 16
dcbd8084-0f01-4fdf-9c98-b3c3312e761e 664 0 3 16
dcbd8084-0f01-4fdf-9c98-b3c3312e761e 413 0 3 14
dcbd8084-0f01-4fdf-9c98-b3c3312e761e 413 0 3 20
dc904a06-e8a7-4143-a84c-b0f928ea9e23 750 0 5 24
dc904a06-e8a7-4143-a84c-b0f928ea9e23 55 0 10 17
bef371ad-2659-4dd1-86f5-5e2a288dcf16 297 0 16 29
fd66ac33-9547-4ef6-9350-be43753a1796 2722 0 4 7
a5d3f889-2402-402c-ac5a-d574b117c1f7 472 0 29 32
a5d3f889-2402-402c-ac5a-d574b117c1f7 61 0 7 24
dfe0a0b6-4218-45e7-8a77-0ca14d85ae57 953 0 4 25
dfe0a0b6-4218-45e7-8a77-0ca14d85ae57 1343 0 10 31
dfe0a0b6-4218-45e7-8a77-0ca14d85ae57 271 0 5 15
62a6114a-004e-4191-a953-dd4fe79d6138 100 0 3 7
f705cc64-1bad-42ce-88df-d5937fa6ae98 914 0 6 19
f705cc64-1bad-42ce-88df-d5937fa6ae98 660 0 6 26
f705cc64-1bad-42ce-88df-d5937fa6ae98 169 0 4 15
acd69b3f-12ba-412f-92a4-c3616d7e5603 2695 0 21 38
f0d84283-5d5a-4873-a617-1fabd11f9307 776 0 9 29
f0d84283-5d5a-4873-a617-1fabd11f9307 3263 0 5 14
f0d84283-5d5a-4873-a617-1fabd11f9307 131 0 3 15
4dfba331-cc77-4c36-8d6a-7d7fbfcbc7e2 989 0 8 19
2217e2eb-39ca-4e7f-bb27-1a3a3f2a6356 205 0 3 8
2217e2eb-39ca-4e7f-bb27-1a3a3f2a6356 779 0 3 16
a2ff2631-f55c-4783-b212-ae49d37fc9d8 673 0 3 19
a2ff2631-f55c-4783-b212-ae49d37fc9d8 312 0 10 27
a2ff2631-f55c-4783-b212-ae49d37fc9d8 334 0 25 36
9bf38b5a-7b98-426c-92f4-b3ecd59d0f72 4098 0 5 21
d9e8d1e6-4a4d-4781-9acc-a832901add4f 507 0 3 24
04512ef3-622c-47af-ae23-2dd996cc0874 483 0 3 21
0b72bbab-2800-40b9-b27a-3c94cacb9e3f 101 0 4 7
62d3281d-4387-4aed-9d4c-d39179b45359 567 0 7 13
11da4659-be42-4441-a624-4b4c94db09cc 772 0 3 21
ba3ea7f9-8af0-4a9b-9086-d5e12f41cff1 1131 0 8 28