04512ef3-622c-47af-ae23-2dd996cc0874 444 2 6 23
ba3ea7f9-8af0-4a9b-9086-d5e12f41cff1 628 2 16 20
ce8afdd5-32bf-4ac0-ae23-e9735a5b37e6 75 2 11 24
ce8afdd5-32bf-4ac0-ae23-e9735a5b37e6 373 2 5 18
a98d2cf8-f598-4ac7-9c2a-b4350d16b8aa 313 2 11 15
84f79d07-e99e-49ec-9cb6-c31b94570f1d 779 2 5 20
84f79d07-e99e-49ec-9cb6-c31b94570f1d 479 2 5 20
84f79d07-e99e-49ec-9cb6-c31b94570f1d 539 2 7 22
04a20d3a-1854-4885-a796-740082e60cf4 2766 2 17 28
3d6da370-9ffc-497c-bae3-249ff189fca8 127 2 7 18
c2afe10b-63b2-4a26-aeb3-cf1b47ef46c5 198 2 17 24
c2afe10b-63b2-4a26-aeb3-cf1b47ef46c5 312 2 9 20
a74e9c0d-c096-4fca-86ad-6271c5f8362e 289 2 21 38
e3afb6d5-f092-4da4-8284-2b32dea7505b 2470 2 7 22
4ed7343d-60f1-437e-bec3-24c44c7ad729 166 2 10 27
4ed7343d-60f1-437e-bec3-24c44c7ad729 750 2 13 32
fe632bd1-53f9-47cf-8d7b-f277f9107bf2 709 2 10 25
b9745ff6-e459-410b-99ea-d5fd60b1833a 114 2 5 24
c86bf67f-29f0-456e-ad29-6bb0cf89bdcd 446 2 5 24
c86bf67f-29f0-456e-ad29-6bb0cf89bdcd 442 2 6 24
9d731b98-c46d-4896-89fa-4ebaa1d5b207 2543 2 11 19
0b72bbab-2800-40b9-b27a-3c94cacb9e3f 164 2 5 26
6161a190-ff2f-4ffc-962e-c6e059906921 696 2 10 14
6e830bfb-f651-41de-9d45-4125c90746a2 480 2 16 36
6e830bfb-f651-41de-9d45-4125c90746a2 262 2 5 20
a74e9c0d-c096-4fca-86ad-6271c5f8362e 791 2 10 29
a74e9c0d-c096-4fca-86ad-6271c5f8362e 267 2 8 12
ae75ebbf-1eb8-45e9-87e5-c1c09ac26732 326 2 12 20
ae75ebbf-1eb8-45e9-87e5-c1c09ac26732 588 2 21 39
4f28351d-7544-4d7a-a76c-fd43b72dd3f0 1539 2 8 20
29206a72-34d9-486e-ac66-fe374b4533ad 422 2 21 35
cb6d4f41-3fe5-4d32-b371-c2f0e67529fc 567 2 6 16
cb6d4f41-3fe5-4d32-b371-c2f0e67529fc 65 2 33 36
cb6d4f41-3fe5-4d32-b371-c2f0e67529fc 230 2 15 30
8a742c53-b1ce-48b0-b09f-2c1f8b80dad2 650 2 16 25
8a742c53-b1ce-48b0-b09f-2c1f8b80dad2 535 2 16 36
85f33cc2-0c09-4264-ab19-12d2229cd19a 176 2 9 29
6d93855b-47ec-4704-ad19-a1d945c293a1 457 2 7 22
a74e9c0d-c096-4fca-86ad-6271c5f8362e 779 2 5 22
8a742c53-b1ce-48b0-b09f-2c1f8b80dad2 395 2 12 24
09d62b4e-fffa-4be2-a2db-e933f1b32a6c 2088 2 6 9
09d62b4e-fffa-4be2-a2db-e933f1b32a6c 3334 2 7 12
8a742c53-b1ce-48b0-b09f-2c1f8b80dad2 219 2 8 25
e5cf5eef-4a53-4720-ab07-ff792ae86ce3 1429 2 8 14
db03107e-9acb-4f84-837c-264f9ece48a5 917 2 17 20
0f0b3192-fb95-4deb-8228-7bee5e515a9a 330 2 17 33
1d57f92c-17a1-4eaf-9133-950423577d1d 1301 2 7 13
81d5b94f-085a-42d0-9040-64d785af4002 942 2 11 16
dfe0a0b6-4218-45e7-8a77-0ca14d85ae57 870 2 10 24
dfe0a0b6-4218-45e7-8a77-0ca14d85ae57 145 2 12 30
dfe0a0b6-4218-45e7-8a77-0ca14d85ae57 739 2 29 32
62a6114a-004e-4191-a953-dd4fe79d6138 530 2 11 29
f705cc64-1bad-42ce-88df-d5937fa6ae98 374 2 15 25
f705cc64-1bad-42ce-88df-d5937fa6ae98 454 2 13 34
7a029139-2799-4826-bd20-ef1a903b1424 1353 2 9 27
1d674e85-7f6b-4481-96ce-a6a9fa98caf6 560 2 5 12
3a1eadfe-833d-49cd-97cd-a3ead92f405f 435 2 11 29
2526a6bb-b0e6-49bb-8a07-36d35ed80031 152 2 6 11
17ef879f-9080-4bc1-9ae0-fc03f723ea48 5306 2 14 28
04255024-b553-49c6-a74f-f3ced545cbf0 722 2 21 25
e87d610a-4e23-4b01-bd57-97ff0acc8c63 113 2 9 17
5e31a3df-8576-40b4-a175-6edab7e16ace 662 2 5 20
819feee5-805f-4b05-99bf-549e1f16eaaa 102 2 14 27
56763333-a862-4051-987f-f34d76640a2c 621 2 21 39
3eab94e1-3787-42ae-9436-18f44a85eb3d 61 2 6 25
be57f25a-6e2d-476a-a0c2-c2db44f384b0 1218 2 13 24
be57f25a-6e2d-476a-a0c2-c2db44f384b0 237 2 20 31
ba40ec88-e7f4-4b79-980f-20d4c7199ded 1515 2 6 23
dcbd8084-0f01-4fdf-9c98-b3c3312e761e 567 2 12 18
bef371ad-2659-4dd1-86f5-5e2a288dcf16 405 2 5 15
01b05293-060b-4c63-bcf6-43f0f55c7228 594 2 10 29
01b05293-060b-4c63-bcf6-43f0f55c7228 1800 2 7 25
a2804371-c0bc-4f3e-b2c2-e0e9a8fe4b35 839 2 16 27
013de60f-1a61-4d89-a5a1-fe6e1333e30c 2886 2 33 37
013de60f-1a61-4d89-a5a1-fe6e1333e30c 664 2 16 19
f2e877ca-021a-4caf-9f5d-d62a031c8dba 892 2 9 23
f2e877ca-021a-4caf-9f5d-d62a031c8dba 2989 2 6 26
cb6d4f41-3fe5-4d32-b371-c2f0e67529fc 133 2 7 26
aeeb0d41-a2ae-495d-8a4d-29586c160064 527 2 7 28
dc904a06-e8a7-4143-a84c-b0f928ea9e23 408 2 5 21
dc904a06-e8a7-4143-a84c-b0f928ea9e23 1153 2 5 18
819feee5-805f-4b05-99bf-549e1f16eaaa 1108 2 17 26
819feee5-805f-4b05-99bf-549e1f16eaaa 794 2 9 25
819feee5-805f-4b05-99bf-549e1f16eaaa 423 2 25 30
5e31a3df-8576-40b4-a175-6edab7e16ace 404 2 5 22
e951f8da-0e5d-4474-803c-a5e6a54d82cb 226 2 5 17
aa038a7c-6f1f-489f-bfec-e5584c5e6c1e 4030 2 10 24
3a70df89-ce99-4fc6-98ee-3a68654f5ba2 918 2 10 29
6fea5963-4fef-42de-971e-4b1339b8c421 791 2 21 30
6fea5963-4fef-42de-971e-4b1339b8c421 627 2 34 38
1f7f084a-a84c-47d5-98e6-b62ef10bf794 284 2 6 25
8a50c288-5063-433f-8da6-64f7a0b4f361 566 2 14 26
b957069a-b63c-4abf-a894-a7377c923997 668 2 7 19
b957069a-b63c-4abf-a894-a7377c923997 157 2 13 29
6d93855b-47ec-4704-ad19-a1d945c293a1 526 2 30 35
1d40181c-aa3c-4ca6-b187-5da79f533544 799 2 18 38
6a6e00c2-211e-455b-adf0-92d6e1ef76ef 350 2 18 22
fc76dacf-a109-49c2-9ad0-970ac4b76f02 586 2 15 20
bfd3a6b6-f0a7-4e6b-b8cb-24592a35ec5b 4327 2 6 18
819feee5-805f-4b05-99bf-549e1f16eaaa 463 2 8 17
dce8e878-13d6-48e5-a617-52300e684ba0 320 2 11 32
e951f8da-0e5d-4474-803c-a5e6a54d82cb 629 2 6 27
e951f8da-0e5d-4474-803c-a5e6a54d82cb 353 2 24 38
4151ba49-c8ba-4b25-84af-f179b8c2827e 146 2 8 14
aeeb0d41-a2ae-495d-8a4d-29586c160064 496 2 8 17
6624a76b-9890-43dc-aa50-49e5d68e7b4f 602 2 19 37
6624a76b-9890-43dc-aa50-49e5d68e7b4f 474 2 20 33
14425341-827c-4b2c-87c2-08b1a5259e39 594 2 36 39
58ad624f-980b-4508-9d6e-1fd8aa6b3b47 1862 2 24 31
77dae216-4136-47f6-9da8-1990cbbb7eb8 184 2 9 29
77dae216-4136-47f6-9da8-1990cbbb7eb8 452 2 9 29
7ce08da6-4108-4bf6-9951-2a7d55a37c2c 1406 2 12 33
7e1311ff-f5d9-4a28-90e6-773c3125821c 562 2 34 38
9d731b98-c46d-4896-89fa-4ebaa1d5b207 2850 2 8 25
14425341-827c-4b2c-87c2-08b1a5259e39 2015 2 21 36
17a09b4d-5701-4406-952f-93261e3d11be 262 2 13 22
17a09b4d-5701-4406-952f-93261e3d11be 1585 2 25 31
c6e5d492-cc0a-4146-83a4-159186202e7d 653 2 6 25
c6e5d492-cc0a-4146-83a4-159186202e7d 774 2 5 25
1ef38735-6670-428d-97d4-70e06b7f5150 1519 2 6 20
ea4ecb25-70dd-4c79-9a6b-2dd72f230d39 486 2 14 26
8ff16199-cc06-4323-a7d0-36adfe688417 506 2 24 28
7532e3a4-379a-4000-be2f-0cf4d8eb2c71 337 2 5 9
17a09b4d-5701-4406-952f-93261e3d11be 503 2 13 25
0748a8fa-1821-4a9d-8f4f-10181d462131 580 2 26 37
f245b1a4-11d8-43b8-87ba-4fc0d44dd963 427 2 6 23
f245b1a4-11d8-43b8-87ba-4fc0d44dd963 594 2 5 21
4eb23985-cc5b-488b-9b0e-758d580207a8 1797 2 9 30
7fb18e55-7bf3-4a5b-a930-7bc907259964 387 2 6 19
dd88f465-509a-4cde-8a06-f67a26ce4efb 544 2 7 24
37572640-6ac6-4927-af72-4602d9d9c3b0 766 2 9 15
37572640-6ac6-4927-af72-4602d9d9c3b0 756 2 7 25
e0e04d8f-a453-43a4-881b-f426cb87f2c9 346 2 11 25
8c4406a6-f68f-4f6b-9699-4d588f2cb4bb 199 2 11 19
7532e3a4-379a-4000-be2f-0cf4d8eb2c71 782 2 11 19
f70a0924-6d27-4d3e-ba01-a62260d7d271 646 2 7 10
b957069a-b63c-4abf-a894-a7377c923997 364 2 10 22
19a8f9f1-98a2-4001-b896-117f1209de61 808 2 5 9
814b4f08-6eb5-4b69-b2a1-eb47ff0503cf 1629 2 18 28
04512ef3-622c-47af-ae23-2dd996cc0874 147 2 5 10
a7a753a7-436d-4fd3-9836-808280bead4e 212 2 12 26
e5cf5eef-4a53-4720-ab07-ff792ae86ce3 154 2 19 26
a8e11c8e-df93-4021-ab1b-0b8c60304725 282 2 14 19
f0d84283-5d5a-4873-a617-1fabd11f9307 2013 2 17 36
f0d84283-5d5a-4873-a617-1fabd11f9307 110 2 14 21
86e1379f-ab90-453a-80bc-06bfdefbbce9 642 2 15 24
86e1379f-ab90-453a-80bc-06bfdefbbce9 454 2 5 10
6e4bd881-0860-4a49-aa89-0d3d3d051c25 1198 2 11 27
bbfc9268-ad67-400e-974d-7928fd2ef41b 131 2 9 29
04512ef3-622c-47af-ae23-2dd996cc0874 264 2 19 24
6e4bd881-0860-4a49-aa89-0d3d3d051c25 337 2 8 27
11da4659-be42-4441-a624-4b4c94db09cc 191 2 7 24