11da4659-be42-4441-a624-4b4c94db09cc 782 4 10 29
62d3281d-4387-4aed-9d4c-d39179b45359 1521 4 7 27
0b72bbab-2800-40b9-b27a-3c94cacb9e3f 591 4 12 31
792ab988-434a-477a-978c-1e55eeb62a12 433 4 15 26
792ab988-434a-477a-978c-1e55eeb62a12 594 4 9 30
3d61c6cd-873a-4e5d-9b04-5e1a4cbf8199 397 4 11 22
3d61c6cd-873a-4e5d-9b04-5e1a4cbf8199 547 4 16 22
325f11e6-bec3-4388-b507-6b8d0a28c4dd 5959 4 7 24
c86bf67f-29f0-456e-ad29-6bb0cf89bdcd 392 4 12 24
b9745ff6-e459-410b-99ea-d5fd60b1833a 795 4 15 34
4ed7343d-60f1-437e-bec3-24c44c7ad729 559 4 17 25
0f0b3192-fb95-4deb-8228-7bee5e515a9a 263 4 18 26
fe632bd1-53f9-47cf-8d7b-f277f9107bf2 417 4 32 38
c6a622a7-1ed9-4952-9c09-4e7016b62838 703 4 9 15
66148329-341e-4ee8-81f7-0651a68e78c1 292 4 22 34
4350c49a-7c50-4970-a32d-747386e1cf03 129 4 8 29
4350c49a-7c50-4970-a32d-747386e1cf03 156 4 16 34
839f41ef-0818-4da6-89ab-d4c3676ca439 118 4 7 21
56763333-a862-4051-987f-f34d76640a2c 525 4 9 13
56763333-a862-4051-987f-f34d76640a2c 647 4 11 20
3810fde0-bc15-40d8-aa2b-702916a96621 335 4 14 35
c1f23ebd-c86f-4c36-97b7-371e6c55b914 737 4 20 36
c1f23ebd-c86f-4c36-97b7-371e6c55b914 443 4 8 24
11fb565e-a1ce-4d66-8353-cb66a86349dd 329 4 16 36
020da46c-c205-43c0-b147-71c6c8ffc02c 266 4 12 31
7532e3a4-379a-4000-be2f-0cf4d8eb2c71 82 4 10 15
7fb18e55-7bf3-4a5b-a930-7bc907259964 309 4 21 30
7532e3a4-379a-4000-be2f-0cf4d8eb2c71 562 4 11 29
7fb18e55-7bf3-4a5b-a930-7bc907259964 305 4 8 27
7fb18e55-7bf3-4a5b-a930-7bc907259964 193 4 8 11
8ff16199-cc06-4323-a7d0-36adfe688417 930 4 21 39
d17be238-7666-4651-b63b-538c9f3dfb74 68 4 12 30
6624a76b-9890-43dc-aa50-49e5d68e7b4f 1578 4 19 34
e951f8da-0e5d-4474-803c-a5e6a54d82cb 443 4 13 28
e951f8da-0e5d-4474-803c-a5e6a54d82cb 346 4 9 22
2526a6bb-b0e6-49bb-8a07-36d35ed80031 174 4 20 39
412d2b90-ba5a-4ba0-8206-c07832b7ca0b 4034 4 20 36
6e103115-14ef-4569-97e4-01c42488976a 663 4 17 22
3a1eadfe-833d-49cd-97cd-a3ead92f405f 349 4 20 25
04255024-b553-49c6-a74f-f3ced545cbf0 437 4 7 26
04255024-b553-49c6-a74f-f3ced545cbf0 673 4 10 18
a7a753a7-436d-4fd3-9836-808280bead4e 240 4 11 17
4ee5053d-c0ca-498e-8d7e-313e006ea5bd 360 4 11 25
4ee5053d-c0ca-498e-8d7e-313e006ea5bd 126 4 16 23
ce8afdd5-32bf-4ac0-ae23-e9735a5b37e6 1308 4 15 23
169a8ef4-2abf-44a2-9aa1-87286403945c 2682 4 9 21
84f79d07-e99e-49ec-9cb6-c31b94570f1d 206 4 7 16
8a742c53-b1ce-48b0-b09f-2c1f8b80dad2 477 4 7 24
8a742c53-b1ce-48b0-b09f-2c1f8b80dad2 311 4 14 29
cb6d4f41-3fe5-4d32-b371-c2f0e67529fc 329 4 13 31
cb6d4f41-3fe5-4d32-b371-c2f0e67529fc 220 4 9 26
cb6d4f41-3fe5-4d32-b371-c2f0e67529fc 503 4 17 33
6fea5963-4fef-42de-971e-4b1339b8c421 502 4 8 22
81376f91-5a02-4999-86eb-2a35da1367e3 732 4 10 25
8a50c288-5063-433f-8da6-64f7a0b4f361 444 4 9 27
17a09b4d-5701-4406-952f-93261e3d11be 1940 4 20 27
f245b1a4-11d8-43b8-87ba-4fc0d44dd963 785 4 18 33
4eb23985-cc5b-488b-9b0e-758d580207a8 1294 4 11 32
2cecc8fb-94a8-4740-a40b-1141470799b8 628 4 11 29
ba40ec88-e7f4-4b79-980f-20d4c7199ded 127 4 15 19
6a6e00c2-211e-455b-adf0-92d6e1ef76ef 69 4 16 20
6a6e00c2-211e-455b-adf0-92d6e1ef76ef 662 4 13 22
1d57f92c-17a1-4eaf-9133-950423577d1d 2823 4 17 32
1d57f92c-17a1-4eaf-9133-950423577d1d 850 4 8 29
4dfba331-cc77-4c36-8d6a-7d7fbfcbc7e2 748 4 11 24
f0d84283-5d5a-4873-a617-1fabd11f9307 167 4 12 23
acd69b3f-12ba-412f-92a4-c3616d7e5603 210 4 13 34
acd69b3f-12ba-412f-92a4-c3616d7e5603 848 4 9 29
bef371ad-2659-4dd1-86f5-5e2a288dcf16 332 4 8 22
fc76dacf-a109-49c2-9ad0-970ac4b76f02 362 4 18 35
fc76dacf-a109-49c2-9ad0-970ac4b76f02 793 4 15 35
fc76dacf-a109-49c2-9ad0-970ac4b76f02 80 4 18 38
705e6d6a-b191-410d-937b-cfd11a3bfcb6 990 4 8 15
705e6d6a-b191-410d-937b-cfd11a3bfcb6 87 4 8 23
ea4ecb25-70dd-4c79-9a6b-2dd72f230d39 248 4 11 28
ea4ecb25-70dd-4c79-9a6b-2dd72f230d39 529 4 11 28
ea4ecb25-70dd-4c79-9a6b-2dd72f230d39 554 4 7 15
ea4ecb25-70dd-4c79-9a6b-2dd72f230d39 175 4 14 18
01b05293-060b-4c63-bcf6-43f0f55c7228 748 4 24 36
1ef38735-6670-428d-97d4-70e06b7f5150 521 4 14 17
8d36215b-6f8c-48a1-b16a-0baf576ce850 557 4 17 34
430d1f6b-ea47-4e7d-8bc0-470d98e4a62b 679 4 29 36
a74e9c0d-c096-4fca-86ad-6271c5f8362e 1539 4 16 37
a74e9c0d-c096-4fca-86ad-6271c5f8362e 550 4 8 15
819feee5-805f-4b05-99bf-549e1f16eaaa 233 4 17 32
4151ba49-c8ba-4b25-84af-f179b8c2827e 1224 4 17 23
4151ba49-c8ba-4b25-84af-f179b8c2827e 1301 4 7 20
14425341-827c-4b2c-87c2-08b1a5259e39 348 4 8 16
14425341-827c-4b2c-87c2-08b1a5259e39 332 4 9 13
14425341-827c-4b2c-87c2-08b1a5259e39 297 4 7 24
9765b9e1-4c42-42be-b4a4-7c76caa6bd57 334 4 29 33
58ad624f-980b-4508-9d6e-1fd8aa6b3b47 769 4 14 26
3f9a9446-f28c-4088-b5d0-5fe1767c35bc 5602 4 13 21
9cd0c28c-38a3-472d-b56e-c1349b777778 2828 4 12 31
ab69eb80-3e17-4bb7-b1ec-1e158e945ad2 152 4 11 24
77dae216-4136-47f6-9da8-1990cbbb7eb8 601 4 11 25
e9bd7c84-139a-4023-85d7-2aec12682788 663 4 13 33
29a01589-dd03-4590-9c5e-f7081a9f8bd8 112 4 9 28
29a01589-dd03-4590-9c5e-f7081a9f8bd8 4428 4 24 28
38b396b6-cb41-4faa-af11-07da0fbeb596 841 4 14 24
7580b3fa-a326-431e-98f0-163d6fbf2ac5 587 4 12 29
a8e11c8e-df93-4021-ab1b-0b8c60304725 799 4 9 30
a8e11c8e-df93-4021-ab1b-0b8c60304725 344 4 21 26
f70a0924-6d27-4d3e-ba01-a62260d7d271 751 4 9 28
5646d0f7-43ad-4433-804d-66ac69602a19 632 4 19 24
814b4f08-6eb5-4b69-b2a1-eb47ff0503cf 1082 4 15 34