ba3ea7f9-8af0-4a9b-9086-d5e12f41cff1 735 1 6 24
ba3ea7f9-8af0-4a9b-9086-d5e12f41cff1 609 1 16 22
51fc8296-7e84-469f-9ceb-d2ea82069934 741 1 20 32
6e4bd881-0860-4a49-aa89-0d3d3d051c25 1657 1 5 11
11da4659-be42-4441-a624-4b4c94db09cc 56 1 6 26
62d3281d-4387-4aed-9d4c-d39179b45359 754 1 12 21
62d3281d-4387-4aed-9d4c-d39179b45359 1651 1 29 39
bbfc9268-ad67-400e-974d-7928fd2ef41b 1699 1 27 37
a2ff2631-f55c-4783-b212-ae49d37fc9d8 380 1 23 28
86e1379f-ab90-453a-80bc-06bfdefbbce9 236 1 4 18
4dfba331-cc77-4c36-8d6a-7d7fbfcbc7e2 91 1 4 19
acd69b3f-12ba-412f-92a4-c3616d7e5603 1067 1 5 22
2217e2eb-39ca-4e7f-bb27-1a3a3f2a6356 513 1 5 17
2217e2eb-39ca-4e7f-bb27-1a3a3f2a6356 77 1 6 10
bbfc9268-ad67-400e-974d-7928fd2ef41b 252 1 10 13
78f4c984-0836-49aa-a301-c0909f037eff 2973 1 5 14
6e830bfb-f651-41de-9d45-4125c90746a2 441 1 9 27
6e830bfb-f651-41de-9d45-4125c90746a2 1218 1 4 22
c86bf67f-29f0-456e-ad29-6bb0cf89bdcd 175 1 7 22
c86bf67f-29f0-456e-ad29-6bb0cf89bdcd 590 1 4 18
4ed7343d-60f1-437e-bec3-24c44c7ad729 776 1 8 28
4ed7343d-60f1-437e-bec3-24c44c7ad729 303 1 17 36
6161a190-ff2f-4ffc-962e-c6e059906921 594 1 17 26
0f0b3192-fb95-4deb-8228-7bee5e515a9a 674 1 26 39
ea45f457-04ea-4836-ac83-19094c520cf5 148 1 6 22
5646d0f7-43ad-4433-804d-66ac69602a19 388 1 10 26
5646d0f7-43ad-4433-804d-66ac69602a19 156 1 8 16
5646d0f7-43ad-4433-804d-66ac69602a19 263 1 4 13
f705cc64-1bad-42ce-88df-d5937fa6ae98 83 1 4 8
f705cc64-1bad-42ce-88df-d5937fa6ae98 607 1 4 13
62a6114a-004e-4191-a953-dd4fe79d6138 252 1 8 26
62a6114a-004e-4191-a953-dd4fe79d6138 522 1 9 24
a5d3f889-2402-402c-ac5a-d574b117c1f7 307 1 4 25
a5d3f889-2402-402c-ac5a-d574b117c1f7 280 1 4 10
01b05293-060b-4c63-bcf6-43f0f55c7228 720 1 13 16
01b05293-060b-4c63-bcf6-43f0f55c7228 82 1 9 21
e9bd7c84-139a-4023-85d7-2aec12682788 867 1 10 18
7580b3fa-a326-431e-98f0-163d6fbf2ac5 484 1 7 22
7580b3fa-a326-431e-98f0-163d6fbf2ac5 784 1 4 17
1c88f357-e3de-4f9a-ad3c-70254b75ad7c 936 1 8 25
c6a622a7-1ed9-4952-9c09-4e7016b62838 733 1 9 15
4350c49a-7c50-4970-a32d-747386e1cf03 599 1 7 14
325f11e6-bec3-4388-b507-6b8d0a28c4dd 351 1 24 36
fd66ac33-9547-4ef6-9350-be43753a1796 1107 1 13 34
dc904a06-e8a7-4143-a84c-b0f928ea9e23 543 1 4 14
ba40ec88-e7f4-4b79-980f-20d4c7199ded 235 1 19 32
ba40ec88-e7f4-4b79-980f-20d4c7199ded 2755 1 27 33
be57f25a-6e2d-476a-a0c2-c2db44f384b0 628 1 4 8
fa666b9a-4a91-4312-b79c-ab90872b4f2b 276 1 17 37
6a6e00c2-211e-455b-adf0-92d6e1ef76ef 240 1 4 18
77dae216-4136-47f6-9da8-1990cbbb7eb8 528 1 13 16
56763333-a862-4051-987f-f34d76640a2c 169 1 5 22
c6a622a7-1ed9-4952-9c09-4e7016b62838 412 1 4 22
c6a622a7-1ed9-4952-9c09-4e7016b62838 654 1 13 30
dce8e878-13d6-48e5-a617-52300e684ba0 1839 1 17 37
dce8e878-13d6-48e5-a617-52300e684ba0 2008 1 6 10
29a01589-dd03-4590-9c5e-f7081a9f8bd8 249 1 11 32
dcbd8084-0f01-4fdf-9c98-b3c3312e761e 156 1 6 25
1f7f084a-a84c-47d5-98e6-b62ef10bf794 727 1 7 14
1f7f084a-a84c-47d5-98e6-b62ef10bf794 572 1 22 28
3064117a-fe90-43b1-8bfb-68963d7978af 708 1 13 19
d9a513df-cb75-4f26-a092-5e61283648a2 504 1 6 11
fab61b3c-24c3-4ded-8407-601c4904f41d 2348 1 12 30
6a6e00c2-211e-455b-adf0-92d6e1ef76ef 465 1 11 21
1d40181c-aa3c-4ca6-b187-5da79f533544 562 1 7 25
11fb565e-a1ce-4d66-8353-cb66a86349dd 663 1 4 17
9cd0c28c-38a3-472d-b56e-c1349b777778 1610 1 7 18
58ad624f-980b-4508-9d6e-1fd8aa6b3b47 486 1 13 24
7e1311ff-f5d9-4a28-90e6-773c3125821c 88 1 4 20
f231bfd2-b73d-457c-a8a9-7d2342040b32 1187 1 5 14
3810fde0-bc15-40d8-aa2b-702916a96621 224 1 6 26
3810fde0-bc15-40d8-aa2b-702916a96621 566 1 10 19
3810fde0-bc15-40d8-aa2b-702916a96621 375 1 13 28
c1f23ebd-c86f-4c36-97b7-371e6c55b914 355 1 9 14
1d40181c-aa3c-4ca6-b187-5da79f533544 535 1 12 29
0748a8fa-1821-4a9d-8f4f-10181d462131 57 1 7 10
d9a513df-cb75-4f26-a092-5e61283648a2 768 1 22 38
705e6d6a-b191-410d-937b-cfd11a3bfcb6 832 1 11 14
342e80c8-bf6c-4d56-980c-55a80a564b9e 1492 1 6 25
342e80c8-bf6c-4d56-980c-55a80a564b9e 204 1 8 12
342e80c8-bf6c-4d56-980c-55a80a564b9e 482 1 7 11
7fb18e55-7bf3-4a5b-a930-7bc907259964 370 1 10 28
e0e04d8f-a453-43a4-881b-f426cb87f2c9 343 1 6 26
e0e04d8f-a453-43a4-881b-f426cb87f2c9 370 1 4 21
e0e04d8f-a453-43a4-881b-f426cb87f2c9 475 1 4 7
58ad624f-980b-4508-9d6e-1fd8aa6b3b47 522 1 7 19
dd155a61-1833-4d3a-afb2-9ed5fc0a2bec 2652 1 31 35
dd155a61-1833-4d3a-afb2-9ed5fc0a2bec 699 1 20 28
f231bfd2-b73d-457c-a8a9-7d2342040b32 96 1 8 15
37572640-6ac6-4927-af72-4602d9d9c3b0 296 1 14 28
dd88f465-509a-4cde-8a06-f67a26ce4efb 662 1 10 29
342e80c8-bf6c-4d56-980c-55a80a564b9e 795 1 10 30
3c56a76c-74b9-445e-a6a7-6d19ccfc5343 187 1 15 32
c6e5d492-cc0a-4146-83a4-159186202e7d 225 1 16 34
aacb6702-735a-43f2-b5f7-6aaba7a684f3 984 1 9 17
aacb6702-735a-43f2-b5f7-6aaba7a684f3 602 1 4 24
4151ba49-c8ba-4b25-84af-f179b8c2827e 665 1 6 13
9765b9e1-4c42-42be-b4a4-7c76caa6bd57 264 1 12 28
1d674e85-7f6b-4481-96ce-a6a9fa98caf6 229 1 5 17
d17be238-7666-4651-b63b-538c9f3dfb74 1244 1 6 25
e951f8da-0e5d-4474-803c-a5e6a54d82cb 412 1 6 14
e951f8da-0e5d-4474-803c-a5e6a54d82cb 153 1 9 29
dd155a61-1833-4d3a-afb2-9ed5fc0a2bec 618 1 4 25
aeeb0d41-a2ae-495d-8a4d-29586c160064 407 1 11 31
4151ba49-c8ba-4b25-84af-f179b8c2827e 983 1 13 23
4151ba49-c8ba-4b25-84af-f179b8c2827e 458 1 8 28
dd155a61-1833-4d3a-afb2-9ed5fc0a2bec 676 1 14 30
22df57d2-3ad5-4871-bdad-28928eff00f9 109 1 14 18
22df57d2-3ad5-4871-bdad-28928eff00f9 654 1 4 25
1c32f877-4f46-4a0c-bd22-516f48e63e1a 133 1 14 22
e951f8da-0e5d-4474-803c-a5e6a54d82cb 791 1 7 27
e951f8da-0e5d-4474-803c-a5e6a54d82cb 201 1 9 30
8a50c288-5063-433f-8da6-64f7a0b4f361 654 1 4 21
8a50c288-5063-433f-8da6-64f7a0b4f361 555 1 6 23
8a50c288-5063-433f-8da6-64f7a0b4f361 655 1 27 37
1f7f084a-a84c-47d5-98e6-b62ef10bf794 475 1 4 8
81376f91-5a02-4999-86eb-2a35da1367e3 1037 1 20 34
aab5f897-19bd-4365-ac06-ef4ddb699c81 551 1 20 26
aab5f897-19bd-4365-ac06-ef4ddb699c81 688 1 5 24
1c32f877-4f46-4a0c-bd22-516f48e63e1a 738 1 14 33
819feee5-805f-4b05-99bf-549e1f16eaaa 563 1 4 22
6fea5963-4fef-42de-971e-4b1339b8c421 200 1 15 30
8c3afa3c-fc5e-4faf-a704-535a035eeac3 865 1 24 31
3c56a76c-74b9-445e-a6a7-6d19ccfc5343 70 1 14 32
013de60f-1a61-4d89-a5a1-fe6e1333e30c 643 1 4 21
a2804371-c0bc-4f3e-b2c2-e0e9a8fe4b35 1447 1 5 20
a2804371-c0bc-4f3e-b2c2-e0e9a8fe4b35 1250 1 8 18
5e31a3df-8576-40b4-a175-6edab7e16ace 573 1 5 19
412d2b90-ba5a-4ba0-8206-c07832b7ca0b 1512 1 6 21
3868929a-4cd7-4e5a-8337-38e2b109b444 715 1 4 8
3868929a-4cd7-4e5a-8337-38e2b109b444 68 1 18 25
e951f8da-0e5d-4474-803c-a5e6a54d82cb 157 1 4 12
e951f8da-0e5d-4474-803c-a5e6a54d82cb 144 1 26 31
3868929a-4cd7-4e5a-8337-38e2b109b444 1484 1 4 22
11fb565e-a1ce-4d66-8353-cb66a86349dd 178 1 5 16
3a1eadfe-833d-49cd-97cd-a3ead92f405f 470 1 4 24
3a1eadfe-833d-49cd-97cd-a3ead92f405f 623 1 12 28
1d674e85-7f6b-4481-96ce-a6a9fa98caf6 1410 1 4 15
1d674e85-7f6b-4481-96ce-a6a9fa98caf6 668 1 21 39
7a029139-2799-4826-bd20-ef1a903b1424 322 1 4 18
36c64f44-29d5-4c67-bbe1-c2a2d5597195 372 1 4 22
a55945a8-bef5-424a-9b57-896889360887 1167 1 6 15
e5cf5eef-4a53-4720-ab07-ff792ae86ce3 680 1 4 14
6cb06d28-3db0-4920-bce1-e70e83f3e3aa 3764 1 4 20
8c3afa3c-fc5e-4faf-a704-535a035eeac3 742 1 15 35
8a742c53-b1ce-48b0-b09f-2c1f8b80dad2 283 1 4 18
a74e9c0d-c096-4fca-86ad-6271c5f8362e 800 1 31 35
a74e9c0d-c096-4fca-86ad-6271c5f8362e 525 1 5 19
c6e5d492-cc0a-4146-83a4-159186202e7d 426 1 6 12
6d93855b-47ec-4704-ad19-a1d945c293a1 402 1 4 13
6d93855b-47ec-4704-ad19-a1d945c293a1 421 1 6 24
6e103115-14ef-4569-97e4-01c42488976a 122 1 10 19
85f33cc2-0c09-4264-ab19-12d2229cd19a 260 1 14 33
4ee5053d-c0ca-498e-8d7e-313e006ea5bd 150 1 6 9
4ee5053d-c0ca-498e-8d7e-313e006ea5bd 1446 1 4 9
4ee5053d-c0ca-498e-8d7e-313e006ea5bd 412 1 10 20
8a742c53-b1ce-48b0-b09f-2c1f8b80dad2 646 1 16 32
cb6d4f41-3fe5-4d32-b371-c2f0e67529fc 625 1 5 22
db03107e-9acb-4f84-837c-264f9ece48a5 777 1 7 20
db03107e-9acb-4f84-837c-264f9ece48a5 665 1 13 31
01c27ab8-d2ee-4c48-b8b7-78f49f0335e2 863 1 5 12
01c27ab8-d2ee-4c48-b8b7-78f49f0335e2 515 1 7 21
a55945a8-bef5-424a-9b57-896889360887 1900 1 7 11
c2afe10b-63b2-4a26-aeb3-cf1b47ef46c5 56 1 4 14
c2afe10b-63b2-4a26-aeb3-cf1b47ef46c5 394 1 4 18
29206a72-34d9-486e-ac66-fe374b4533ad 959 1 5 15
ae75ebbf-1eb8-45e9-87e5-c1c09ac26732 65 1 21 37
5c8048db-3c02-482d-83bd-8483fc34741e 1125 1 18 37
5c8048db-3c02-482d-83bd-8483fc34741e 235 1 7 11
7b3d8710-91f3-4ca3-9dff-cc210ff0c39c 5809 1 6 18
a74e9c0d-c096-4fca-86ad-6271c5f8362e 297 1 6 20
a74e9c0d-c096-4fca-86ad-6271c5f8362e 336 1 12 27
04a20d3a-1854-4885-a796-740082e60cf4 1331 1 21 36
86c65c5b-2b26-4a6e-bb8e-0d1d58e7e556 2488 1 6 11
84f79d07-e99e-49ec-9cb6-c31b94570f1d 1172 1 4 15
84f79d07-e99e-49ec-9cb6-c31b94570f1d 110 1 9 17
baffeeb3-bba0-4096-8ec1-505920b33ca6 493 1 5 9
baffeeb3-bba0-4096-8ec1-505920b33ca6 122 1 4 14
29206a72-34d9-486e-ac66-fe374b4533ad 1049 1 13 23
a98d2cf8-f598-4ac7-9c2a-b4350d16b8aa 405 1 16 26
a98d2cf8-f598-4ac7-9c2a-b4350d16b8aa 615 1 5 21
e5cf5eef-4a53-4720-ab07-ff792ae86ce3 242 1 18 25
04255024-b553-49c6-a74f-f3ced545cbf0 550 1 28 36
a7a753a7-436d-4fd3-9836-808280bead4e 529 1 13 28
a7a753a7-436d-4fd3-9836-808280bead4e 564 1 4 20
04512ef3-622c-47af-ae23-2dd996cc0874 148 1 5 12
04512ef3-622c-47af-ae23-2dd996cc0874 55 1 19 37
0b72bbab-2800-40b9-b27a-3c94cacb9e3f 320 1 10 23
0b72bbab-2800-40b9-b27a-3c94cacb9e3f 720 1 4 14
0b72bbab-2800-40b9-b27a-3c94cacb9e3f 703 1 18 27
0b72bbab-2800-40b9-b27a-3c94cacb9e3f 733 1 25 29
814b4f08-6eb5-4b69-b2a1-eb47ff0503cf 2355 1 9 13
6e4bd881-0860-4a49-aa89-0d3d3d051c25 293 1 10 27
19a8f9f1-98a2-4001-b896-117f1209de61 605 1 7 12
e0f874ec-033d-4b55-9868-0774704856e3 1101 1 4 21
792ab988-434a-477a-978c-1e55eeb62a12 509 1 7 17
11da4659-be42-4441-a624-4b4c94db09cc 474 1 21 36
3d61c6cd-873a-4e5d-9b04-5e1a4cbf8199 721 1 10 27
3d61c6cd-873a-4e5d-9b04-5e1a4cbf8199 119 1 8 20
6e830bfb-f651-41de-9d45-4125c90746a2 771 1 6 26
f70a0924-6d27-4d3e-ba01-a62260d7d271 551 1 4 12
04512ef3-622c-47af-ae23-2dd996cc0874 169 1 7 23
04512ef3-622c-47af-ae23-2dd996cc0874 165 1 7 24