04512ef3-622c-47af-ae23-2dd996cc0874 504 3 18 32
04512ef3-622c-47af-ae23-2dd996cc0874 745 3 9 23
bbfc9268-ad67-400e-974d-7928fd2ef41b 689 3 6 15
d9e8d1e6-4a4d-4781-9acc-a832901add4f 180 3 12 24
1d57f92c-17a1-4eaf-9133-950423577d1d 700 3 11 24
4dfba331-cc77-4c36-8d6a-7d7fbfcbc7e2 1315 3 10 26
a7a753a7-436d-4fd3-9836-808280bead4e 74 3 25 32
29206a72-34d9-486e-ac66-fe374b4533ad 421 3 27 37
04512ef3-622c-47af-ae23-2dd996cc0874 379 3 15 30
04512ef3-622c-47af-ae23-2dd996cc0874 534 3 14 30
62d3281d-4387-4aed-9d4c-d39179b45359 116 3 9 27
b957069a-b63c-4abf-a894-a7377c923997 261 3 6 17
3d61c6cd-873a-4e5d-9b04-5e1a4cbf8199 151 3 12 30
f03dc728-5b4e-4799-a584-36d677bfd878 262 3 24 30
5646d0f7-43ad-4433-804d-66ac69602a19 476 3 9 29
8c4406a6-f68f-4f6b-9699-4d588f2cb4bb 1276 3 21 38
f231bfd2-b73d-457c-a8a9-7d2342040b32 854 3 12 23
f231bfd2-b73d-457c-a8a9-7d2342040b32 763 3 9 19
e0e04d8f-a453-43a4-881b-f426cb87f2c9 240 3 7 15
37572640-6ac6-4927-af72-4602d9d9c3b0 289 3 18 22
37572640-6ac6-4927-af72-4602d9d9c3b0 173 3 7 19
dd88f465-509a-4cde-8a06-f67a26ce4efb 792 3 11 25
7fb18e55-7bf3-4a5b-a930-7bc907259964 346 3 6 25
6e5020f4-1db0-4fbe-abed-837289df282e 6149 3 7 28
342e80c8-bf6c-4d56-980c-55a80a564b9e 121 3 27 31
3810fde0-bc15-40d8-aa2b-702916a96621 1553 3 8 24
c1f23ebd-c86f-4c36-97b7-371e6c55b914 891 3 9 16
e19e2a35-ea5c-4d81-86ab-d8ba55f747e6 742 3 9 30
e19e2a35-ea5c-4d81-86ab-d8ba55f747e6 239 3 7 26
e19e2a35-ea5c-4d81-86ab-d8ba55f747e6 634 3 21 39
0748a8fa-1821-4a9d-8f4f-10181d462131 1676 3 11 24
2cecc8fb-94a8-4740-a40b-1141470799b8 381 3 6 13
17a09b4d-5701-4406-952f-93261e3d11be 610 3 6 13
d9a513df-cb75-4f26-a092-5e61283648a2 338 3 7 19
ea4ecb25-70dd-4c79-9a6b-2dd72f230d39 486 3 21 32
9e222434-cf28-4edf-bca7-8a5e5297e2c3 2279 3 6 25
1ef38735-6670-428d-97d4-70e06b7f5150 1189 3 11 27
c6e5d492-cc0a-4146-83a4-159186202e7d 377 3 10 22
e19e2a35-ea5c-4d81-86ab-d8ba55f747e6 85 3 13 29
aacb6702-735a-43f2-b5f7-6aaba7a684f3 955 3 21 30
9765b9e1-4c42-42be-b4a4-7c76caa6bd57 322 3 21 37
9765b9e1-4c42-42be-b4a4-7c76caa6bd57 151 3 10 29
b957069a-b63c-4abf-a894-a7377c923997 178 3 17 34
9d731b98-c46d-4896-89fa-4ebaa1d5b207 471 3 9 20
7e1311ff-f5d9-4a28-90e6-773c3125821c 641 3 9 23
9cd0c28c-38a3-472d-b56e-c1349b777778 697 3 12 32
77dae216-4136-47f6-9da8-1990cbbb7eb8 285 3 10 17
58ad624f-980b-4508-9d6e-1fd8aa6b3b47 683 3 12 31
58ad624f-980b-4508-9d6e-1fd8aa6b3b47 370 3 8 19
11fb565e-a1ce-4d66-8353-cb66a86349dd 255 3 13 25
c1f23ebd-c86f-4c36-97b7-371e6c55b914 590 3 6 27
020da46c-c205-43c0-b147-71c6c8ffc02c 253 3 10 18
9765b9e1-4c42-42be-b4a4-7c76caa6bd57 3931 3 8 12
9765b9e1-4c42-42be-b4a4-7c76caa6bd57 202 3 6 27
9765b9e1-4c42-42be-b4a4-7c76caa6bd57 561 3 20 34
4151ba49-c8ba-4b25-84af-f179b8c2827e 148 3 6 10
22df57d2-3ad5-4871-bdad-28928eff00f9 298 3 11 20
e951f8da-0e5d-4474-803c-a5e6a54d82cb 665 3 8 23
e19e2a35-ea5c-4d81-86ab-d8ba55f747e6 673 3 12 19
bb6a016e-3aac-4ef6-9cd2-788b2a956b09 214 3 20 30
bb6a016e-3aac-4ef6-9cd2-788b2a956b09 4248 3 6 26
dce8e878-13d6-48e5-a617-52300e684ba0 125 3 8 24
3810fde0-bc15-40d8-aa2b-702916a96621 466 3 6 19
3810fde0-bc15-40d8-aa2b-702916a96621 1674 3 10 13
dcbd8084-0f01-4fdf-9c98-b3c3312e761e 332 3 7 16
3064117a-fe90-43b1-8bfb-68963d7978af 1219 3 8 19
3064117a-fe90-43b1-8bfb-68963d7978af 418 3 6 26
6d93855b-47ec-4704-ad19-a1d945c293a1 718 3 12 20
81376f91-5a02-4999-86eb-2a35da1367e3 1671 3 15 35
aab5f897-19bd-4365-ac06-ef4ddb699c81 2881 3 13 30
6283ec37-50a4-4b29-a2aa-91dfe4a591b8 2037 3 12 15
1c32f877-4f46-4a0c-bd22-516f48e63e1a 604 3 9 14
1c32f877-4f46-4a0c-bd22-516f48e63e1a 639 3 7 19
1c32f877-4f46-4a0c-bd22-516f48e63e1a 782 3 17 20
cb6d4f41-3fe5-4d32-b371-c2f0e67529fc 139 3 7 26
cb6d4f41-3fe5-4d32-b371-c2f0e67529fc 562 3 9 29
42ca9c02-c28d-490d-83ab-71fb8b5b40d0 421 3 12 19
3c56a76c-74b9-445e-a6a7-6d19ccfc5343 6054 3 15 33
819feee5-805f-4b05-99bf-549e1f16eaaa 673 3 8 26
819feee5-805f-4b05-99bf-549e1f16eaaa 265 3 12 31
4350c49a-7c50-4970-a32d-747386e1cf03 168 3 8 22
4350c49a-7c50-4970-a32d-747386e1cf03 670 3 17 38
2631b5b8-b2e8-4a40-aae5-48a63e7acf4a 649 3 9 18
dcbd8084-0f01-4fdf-9c98-b3c3312e761e 359 3 12 28
19b2b7e0-fe73-4191-be21-8f96acc840e8 5130 3 22 35
0165ab60-2f11-4bf8-be77-e8ed9110cf6c 482 3 19 22
56763333-a862-4051-987f-f34d76640a2c 165 3 9 21
2526a6bb-b0e6-49bb-8a07-36d35ed80031 108 3 18 22
3868929a-4cd7-4e5a-8337-38e2b109b444 740 3 16 27
6e103115-14ef-4569-97e4-01c42488976a 393 3 16 28
e951f8da-0e5d-4474-803c-a5e6a54d82cb 680 3 16 22
776a8f29-ae92-4fe0-8fc4-349f02fe81c5 652 3 17 26
11fb565e-a1ce-4d66-8353-cb66a86349dd 1547 3 8 22
3a1eadfe-833d-49cd-97cd-a3ead92f405f 149 3 7 25
bbfc9268-ad67-400e-974d-7928fd2ef41b 646 3 7 23
38b396b6-cb41-4faa-af11-07da0fbeb596 3055 3 7 16
ab69eb80-3e17-4bb7-b1ec-1e158e945ad2 163 3 9 21
e9bd7c84-139a-4023-85d7-2aec12682788 97 3 6 27
e9bd7c84-139a-4023-85d7-2aec12682788 88 3 10 26
5646d0f7-43ad-4433-804d-66ac69602a19 159 3 7 20
1c88f357-e3de-4f9a-ad3c-70254b75ad7c 245 3 21 25
f03dc728-5b4e-4799-a584-36d677bfd878 746 3 16 21
6fd3aeec-6a99-4d37-b768-36b96e682e45 6733 3 11 32
e5cf5eef-4a53-4720-ab07-ff792ae86ce3 731 3 26 34
8c3afa3c-fc5e-4faf-a704-535a035eeac3 661 3 16 22
baffeeb3-bba0-4096-8ec1-505920b33ca6 653 3 9 28
a74e9c0d-c096-4fca-86ad-6271c5f8362e 688 3 9 27
85f33cc2-0c09-4264-ab19-12d2229cd19a 133 3 20 33
a7a753a7-436d-4fd3-9836-808280bead4e 354 3 26 30
cb6d4f41-3fe5-4d32-b371-c2f0e67529fc 588 3 7 19
a55945a8-bef5-424a-9b57-896889360887 1454 3 11 19
29206a72-34d9-486e-ac66-fe374b4533ad 184 3 25 39
ae75ebbf-1eb8-45e9-87e5-c1c09ac26732 2550 3 8 29
6161a190-ff2f-4ffc-962e-c6e059906921 495 3 8 19
6161a190-ff2f-4ffc-962e-c6e059906921 199 3 13 33
4ed7343d-60f1-437e-bec3-24c44c7ad729 716 3 9 21
5646d0f7-43ad-4433-804d-66ac69602a19 788 3 6 25
169a8ef4-2abf-44a2-9aa1-87286403945c 877 3 22 34
84f79d07-e99e-49ec-9cb6-c31b94570f1d 510 3 8 27
baffeeb3-bba0-4096-8ec1-505920b33ca6 765 3 23 39
a98d2cf8-f598-4ac7-9c2a-b4350d16b8aa 260 3 8 12
7f79b7d4-6720-4dbe-a22c-f93acd4a1967 869 3 12 29
04512ef3-622c-47af-ae23-2dd996cc0874 610 3 6 25